shape_id,shape_pt_lat,shape_pt_lon,shape_pt_sequence
SHAPE_12924045,13.582302,-2.4179247,1
SHAPE_12924045,13.582538,-2.4179901,2
SHAPE_12924045,13.5828474,-2.4180773,3
SHAPE_12924045,13.5830144,-2.4181244,4
SHAPE_12924045,13.5833798,-2.4182274,5
SHAPE_12924045,13.5841982,-2.4184581,6
SHAPE_12924045,13.5848747,-2.4186488,7
SHAPE_12924045,13.585017,-2.4187329,8
SHAPE_12924045,13.5850495,-2.4187812,9
SHAPE_12924045,13.5850925,-2.4188282,10
SHAPE_12924045,13.585618,-2.4192656,11
SHAPE_12924045,13.5856935,-2.4193284,12
SHAPE_12924045,13.582302,-2.4179247,13
SHAPE_12924045,13.5820619,-2.4176366,14
SHAPE_12924045,13.5820133,-2.4175364,15
SHAPE_12924045,13.5819384,-2.4174553,16
SHAPE_12924045,13.5818439,-2.4174002,17
SHAPE_12924045,13.5817671,-2.4173793,18
SHAPE_12924045,13.5816877,-2.4173758,19
SHAPE_12924045,13.5816096,-2.4173898,20
SHAPE_12924045,13.5815362,-2.4174207,21
SHAPE_12924045,13.581471,-2.417467,22
SHAPE_12924045,13.5814169,-2.4175266,23
SHAPE_12924045,13.5810341,-2.4175785,24
SHAPE_12924045,13.5807741,-2.4175067,25
SHAPE_12924045,13.5794194,-2.417131,26
SHAPE_12924045,13.5787453,-2.416944,27
SHAPE_12924045,13.578161,-2.4167819,28
SHAPE_12924045,13.5772477,-2.4165337,29
SHAPE_12924045,13.5765532,-2.4163486,30
SHAPE_12924045,13.5756947,-2.4160166,31
SHAPE_12924045,13.5755994,-2.4166141,32
SHAPE_12924045,13.5755917,-2.4166632,33
SHAPE_12924045,13.5755869,-2.416694,34
SHAPE_12924045,13.5754299,-2.417697,35
SHAPE_12924045,13.5738625,-2.4174338,36
SHAPE_12924045,13.5736344,-2.4173265,37
SHAPE_12924045,13.5735653,-2.4172989,38
SHAPE_12924045,13.5734582,-2.417244,39
SHAPE_12924045,13.5732682,-2.4171194,40
SHAPE_12924045,13.5729887,-2.4168817,41
SHAPE_12924045,13.5728112,-2.4166676,42
SHAPE_12924045,13.572643,-2.4164262,43
SHAPE_12924045,13.5724707,-2.4161112,44
SHAPE_12924045,13.5722434,-2.4157088,45
SHAPE_12924045,13.5719481,-2.4153273,46
SHAPE_12924045,13.5716847,-2.4151124,47
SHAPE_12924045,13.5714367,-2.414964,48
SHAPE_12924045,13.5711075,-2.4148418,49
SHAPE_12924045,13.5708043,-2.4147594,50
SHAPE_12924045,13.5705306,-2.4146849,51
SHAPE_12924045,13.570163,-2.414585,52
SHAPE_12924045,13.5676225,-2.4138944,53
SHAPE_12924045,13.5665064,-2.413591,54
SHAPE_12924045,13.5663292,-2.4135428,55
SHAPE_12924045,13.5656549,-2.4133595,56
SHAPE_12924045,13.5632243,-2.412693,57
SHAPE_12924045,13.5628367,-2.4126001,58
SHAPE_12924045,13.5626304,-2.4125372,59
SHAPE_12924045,13.5620674,-2.412384,60
SHAPE_12924045,13.5619152,-2.4123426,61
SHAPE_12924045,13.5615222,-2.4122354,62
SHAPE_12924045,13.5613255,-2.4121817,63
SHAPE_12924045,13.560786,-2.4120328,64
SHAPE_12924045,13.5606689,-2.4120024,65
SHAPE_12924045,13.560577,-2.4119785,66
SHAPE_12924045,13.5602815,-2.4118981,67
SHAPE_12924045,13.5600008,-2.4118217,68
SHAPE_12924045,13.5593264,-2.4116382,69
SHAPE_12924045,13.558525,-2.4114201,70
SHAPE_12924045,13.5584385,-2.4113966,71
SHAPE_12924045,13.5577945,-2.4112214,72
SHAPE_12924045,13.5571143,-2.4110223,73
SHAPE_12924045,13.556928,-2.4109677,74
SHAPE_12924045,13.5563294,-2.4108142,75
SHAPE_12924045,13.5560824,-2.4107519,76
SHAPE_12924045,13.5550102,-2.4104441,77
SHAPE_12924045,13.5544468,-2.4102902,78
SHAPE_12924045,13.5538256,-2.4101226,79
SHAPE_12924045,13.5527007,-2.409825,80
SHAPE_12924045,13.5516519,-2.40953,81
SHAPE_12924045,13.5514487,-2.4094824,82
SHAPE_12924045,13.551082,-2.4093856,83
SHAPE_12924045,13.5509447,-2.4093493,84
SHAPE_12924045,13.5496622,-2.4090106,85
SHAPE_12924045,13.5488584,-2.4087908,86
SHAPE_12924045,13.5486515,-2.4087342,87
SHAPE_12924045,13.5482052,-2.4086122,88
SHAPE_12924045,13.5467121,-2.4082053,89
SHAPE_12924045,13.5463762,-2.4081116,90
SHAPE_12924045,13.5460288,-2.4080032,91
SHAPE_12924045,13.5454081,-2.407807,92
SHAPE_12924045,13.5449773,-2.4076526,93
SHAPE_12924045,13.5444923,-2.4074631,94
SHAPE_12924045,13.5426977,-2.4067621,95
SHAPE_12924045,13.5425567,-2.4066509,96
SHAPE_12924045,13.5420052,-2.4064323,97
SHAPE_12924045,13.5414808,-2.4062156,98
SHAPE_12924045,13.5416297,-2.4056478,99
SHAPE_12924045,13.5417192,-2.4052991,100
SHAPE_12924045,13.5417666,-2.4051145,101
SHAPE_12924045,13.5419778,-2.4042852,102
SHAPE_12924045,13.5423886,-2.4025973,103
SHAPE_12924045,13.5426621,-2.4014443,104
SHAPE_12924045,13.543076,-2.3998326,105
SHAPE_12924045,13.5434418,-2.3984286,106
SHAPE_12924045,13.5435303,-2.3980769,107
SHAPE_12924045,13.5436549,-2.397553,108
SHAPE_12924045,13.5437381,-2.3972026,109
SHAPE_12924045,13.5437691,-2.3970949,110
SHAPE_12924045,13.5438139,-2.3969269,111
SHAPE_12924045,13.5438646,-2.3967227,112
SHAPE_12924045,13.5437774,-2.3967004,113
SHAPE_12924045,13.5428829,-2.3964719,114
SHAPE_12924045,13.542192,-2.3962934,115
SHAPE_12924045,13.541688,-2.3957314,116
SHAPE_12924045,13.5416027,-2.3956363,117
SHAPE_12924045,13.5414775,-2.3955129,118
SHAPE_12924045,13.5411999,-2.3953255,119
SHAPE_12924045,13.5411598,-2.3952843,120
SHAPE_12924045,13.5412382,-2.3949332,121
SHAPE_12924045,13.5412522,-2.3948555,122
SHAPE_12924045,13.5412679,-2.3947885,123
SHAPE_12924266,13.5508337,-2.4397323,1
SHAPE_12924266,13.5508873,-2.4397025,2
SHAPE_12924266,13.5514708,-2.4393778,3
SHAPE_12924266,13.5520994,-2.439028,4
SHAPE_12924266,13.5525895,-2.4387553,5
SHAPE_12924266,13.5530824,-2.438481,6
SHAPE_12924266,13.5538302,-2.4380633,7
SHAPE_12924266,13.5566435,-2.4364919,8
SHAPE_12924266,13.5589429,-2.435223,9
SHAPE_12924266,13.5592195,-2.4350506,10
SHAPE_12924266,13.5602285,-2.4343626,11
SHAPE_12924266,13.5612359,-2.4335469,12
SHAPE_12924266,13.5616214,-2.4331607,13
SHAPE_12924266,13.5619446,-2.432813,14
SHAPE_12924266,13.5625998,-2.4321079,15
SHAPE_12924266,13.5633969,-2.4312,16
SHAPE_12924266,13.5636748,-2.4308835,17
SHAPE_12924266,13.5639362,-2.4305857,18
SHAPE_12924266,13.564232,-2.4302488,19
SHAPE_12924266,13.5645542,-2.4298858,20
SHAPE_12924266,13.5648005,-2.4296083,21
SHAPE_12924266,13.5650534,-2.429319,22
SHAPE_12924266,13.5659682,-2.4282657,23
SHAPE_12924266,13.566762,-2.4273638,24
SHAPE_12924266,13.5668908,-2.4272151,25
SHAPE_12924266,13.5671353,-2.4269327,26
SHAPE_12924266,13.5674587,-2.4265594,27
SHAPE_12924266,13.5675822,-2.426418,28
SHAPE_12924266,13.5680376,-2.4258966,29
SHAPE_12924266,13.5688506,-2.4249548,30
SHAPE_12924266,13.5689862,-2.4247977,31
SHAPE_12924266,13.5695026,-2.4241994,32
SHAPE_12924266,13.5697578,-2.4239037,33
SHAPE_12924266,13.5699586,-2.4236711,34
SHAPE_12924266,13.5702853,-2.4231913,35
SHAPE_12924266,13.5706735,-2.4225962,36
SHAPE_12924266,13.5710392,-2.4220209,37
SHAPE_12924266,13.5712675,-2.4216327,38
SHAPE_12924266,13.5713752,-2.4214496,39
SHAPE_12924266,13.5715933,-2.4211014,40
SHAPE_12924266,13.5719815,-2.4204759,41
SHAPE_12924266,13.5722711,-2.4200093,42
SHAPE_12924266,13.5723811,-2.41983,43
SHAPE_12924266,13.572802,-2.4191437,44
SHAPE_12924266,13.573077,-2.4186952,45
SHAPE_12924266,13.5736829,-2.4177072,46
SHAPE_12924266,13.5738625,-2.4174338,47
SHAPE_12924266,13.5743744,-2.4175198,48
SHAPE_12924266,13.5745438,-2.4175482,49
SHAPE_12924266,13.5754299,-2.417697,50
SHAPE_12924266,13.5755869,-2.416694,51
SHAPE_12924266,13.5755917,-2.4166632,52
SHAPE_12924266,13.5755994,-2.4166141,53
SHAPE_12924266,13.5756947,-2.4160166,54
SHAPE_12924266,13.5765532,-2.4163486,55
SHAPE_12924266,13.5772477,-2.4165337,56
SHAPE_12924266,13.578161,-2.4167819,57
SHAPE_12924266,13.5782735,-2.4163859,58
SHAPE_12924266,13.5784747,-2.4156777,59
SHAPE_12924266,13.5786754,-2.4149712,60
SHAPE_12924266,13.5788544,-2.4143413,61
SHAPE_12924266,13.5790875,-2.4134557,62
SHAPE_12924266,13.5799119,-2.4128356,63
SHAPE_12924266,13.5805186,-2.4123544,64
SHAPE_12924266,13.5807496,-2.4121115,65
SHAPE_12924266,13.5810811,-2.4117295,66
SHAPE_12924266,13.5812644,-2.411512,67
SHAPE_12924266,13.581654,-2.4110101,68
SHAPE_12924266,13.5818996,-2.4107177,69
SHAPE_12924266,13.5824041,-2.4101411,70
SHAPE_12924266,13.5824557,-2.4100822,71
SHAPE_12924266,13.5828811,-2.409596,72
SHAPE_12924266,13.5830441,-2.4093908,73
SHAPE_12924266,13.5832203,-2.4091441,74
SHAPE_12924266,13.5832574,-2.4091009,75
SHAPE_12924266,13.5834241,-2.4089103,76
SHAPE_12924266,13.5841643,-2.4080642,77
SHAPE_12924266,13.5854825,-2.4065766,78
SHAPE_12924266,13.5862109,-2.405654,79
SHAPE_12924266,13.5866111,-2.4051472,80
SHAPE_12924266,13.5878494,-2.4035734,81
SHAPE_12924266,13.589002,-2.4020231,82
SHAPE_12924266,13.5893155,-2.401527,83
SHAPE_12924266,13.589532,-2.4011202,84
SHAPE_12924266,13.5895781,-2.4009714,85
SHAPE_12924266,13.5898258,-2.4002458,86
SHAPE_12924266,13.5899262,-2.3999481,87
SHAPE_12924493,13.5899262,-2.3999481,1
SHAPE_12924493,13.5901229,-2.3993519,2
SHAPE_12924493,13.5907605,-2.3971237,3
SHAPE_12924493,13.5908436,-2.3969262,4
SHAPE_12924493,13.5911253,-2.3964136,5
SHAPE_12924493,13.5919387,-2.3952659,6
SHAPE_12924493,13.5922131,-2.394882,7
SHAPE_12924493,13.5925571,-2.3944005,8
SHAPE_12924493,13.5938393,-2.3926063,9
SHAPE_12924493,13.5939689,-2.392425,10
SHAPE_12924493,13.5942062,-2.3920928,11
SHAPE_12924493,13.594679,-2.3913533,12
SHAPE_12924493,13.5956702,-2.389747,13
SHAPE_12924493,13.5958584,-2.3894633,14
SHAPE_12924493,13.5960615,-2.3892007,15
SHAPE_12924493,13.5964061,-2.3888269,16
SHAPE_12924493,13.5972138,-2.3880339,17
SHAPE_12924493,13.5986727,-2.3867054,18
SHAPE_12924493,13.6000336,-2.3854316,19
SHAPE_12924493,13.6014123,-2.3841483,20
SHAPE_12924493,13.6024404,-2.3831789,21
SHAPE_12924493,13.6027851,-2.3828672,22
SHAPE_12924493,13.6027925,-2.3828602,23
SHAPE_12924493,13.5899262,-2.3999481,24
SHAPE_12924493,13.5898258,-2.4002458,25
SHAPE_12924493,13.5895781,-2.4009714,26
SHAPE_12924493,13.589532,-2.4011202,27
SHAPE_12924493,13.5893155,-2.401527,28
SHAPE_12924493,13.589002,-2.4020231,29
SHAPE_12924493,13.5878494,-2.4035734,30
SHAPE_12924493,13.5866111,-2.4051472,31
SHAPE_12924493,13.5862109,-2.405654,32
SHAPE_12924493,13.5854825,-2.4065766,33
SHAPE_12924493,13.5841643,-2.4080642,34
SHAPE_12924493,13.5834241,-2.4089103,35
SHAPE_12924493,13.5832574,-2.4091009,36
SHAPE_12924493,13.5832203,-2.4091441,37
SHAPE_12924493,13.5830441,-2.4093908,38
SHAPE_12924493,13.5828811,-2.409596,39
SHAPE_12924493,13.5824557,-2.4100822,40
SHAPE_12924493,13.5824041,-2.4101411,41
SHAPE_12924493,13.5818996,-2.4107177,42
SHAPE_12924493,13.581654,-2.4110101,43
SHAPE_12924493,13.5812644,-2.411512,44
SHAPE_12924493,13.5810811,-2.4117295,45
SHAPE_12924493,13.5807496,-2.4121115,46
SHAPE_12924493,13.5805186,-2.4123544,47
SHAPE_12924493,13.5799119,-2.4128356,48
SHAPE_12924493,13.5790875,-2.4134557,49
SHAPE_12924493,13.5788544,-2.4143413,50
SHAPE_12924493,13.5786754,-2.4149712,51
SHAPE_12924493,13.5784747,-2.4156777,52
SHAPE_12924493,13.5782735,-2.4163859,53
SHAPE_12924493,13.578161,-2.4167819,54
SHAPE_12924493,13.5772477,-2.4165337,55
SHAPE_12924493,13.5765532,-2.4163486,56
SHAPE_12924493,13.5756947,-2.4160166,57
SHAPE_12924493,13.5755994,-2.4166141,58
SHAPE_12924493,13.5755917,-2.4166632,59
SHAPE_12924493,13.5755869,-2.416694,60
SHAPE_12924493,13.5754299,-2.417697,61
SHAPE_12924493,13.5745438,-2.4175482,62
SHAPE_12924493,13.5743744,-2.4175198,63
SHAPE_12924493,13.5738625,-2.4174338,64
SHAPE_12924493,13.5736829,-2.4177072,65
SHAPE_12924493,13.573077,-2.4186952,66
SHAPE_12924493,13.572802,-2.4191437,67
SHAPE_12924493,13.5723811,-2.41983,68
SHAPE_12924493,13.5722711,-2.4200093,69
SHAPE_12924493,13.5719815,-2.4204759,70
SHAPE_12924493,13.5715933,-2.4211014,71
SHAPE_12924493,13.5713752,-2.4214496,72
SHAPE_12924493,13.5712675,-2.4216327,73
SHAPE_12924493,13.5710392,-2.4220209,74
SHAPE_12924493,13.5706735,-2.4225962,75
SHAPE_12924493,13.5702853,-2.4231913,76
SHAPE_12924493,13.5699586,-2.4236711,77
SHAPE_12924493,13.5697578,-2.4239037,78
SHAPE_12924493,13.5695026,-2.4241994,79
SHAPE_12924493,13.5689862,-2.4247977,80
SHAPE_12924493,13.5688506,-2.4249548,81
SHAPE_12924493,13.5680376,-2.4258966,82
SHAPE_12924493,13.5675822,-2.426418,83
SHAPE_12924493,13.5674587,-2.4265594,84
SHAPE_12924493,13.5671353,-2.4269327,85
SHAPE_12924493,13.5668908,-2.4272151,86
SHAPE_12924493,13.566762,-2.4273638,87
SHAPE_12924493,13.5659682,-2.4282657,88
SHAPE_12924493,13.5650534,-2.429319,89
SHAPE_12924493,13.5648005,-2.4296083,90
SHAPE_12924493,13.5645542,-2.4298858,91
SHAPE_12924493,13.564232,-2.4302488,92
SHAPE_12924493,13.5639362,-2.4305857,93
SHAPE_12924493,13.5636748,-2.4308835,94
SHAPE_12924493,13.5633969,-2.4312,95
SHAPE_12924493,13.5625998,-2.4321079,96
SHAPE_12924493,13.5619446,-2.432813,97
SHAPE_12924493,13.5616214,-2.4331607,98
SHAPE_12924493,13.5612359,-2.4335469,99
SHAPE_12924493,13.5602285,-2.4343626,100
SHAPE_12924493,13.5592195,-2.4350506,101
SHAPE_12924493,13.5589429,-2.435223,102
SHAPE_12924493,13.5566435,-2.4364919,103
SHAPE_12924493,13.5538302,-2.4380633,104
SHAPE_12924493,13.5530824,-2.438481,105
SHAPE_12924493,13.5525895,-2.4387553,106
SHAPE_12924493,13.5520994,-2.439028,107
SHAPE_12924493,13.5514708,-2.4393778,108
SHAPE_12924493,13.5508873,-2.4397025,109
SHAPE_12924493,13.5508337,-2.4397323,110
SHAPE_12924725,13.5703404,-2.3978213,1
SHAPE_12924725,13.5700879,-2.3973436,2
SHAPE_12924725,13.5700789,-2.3973265,3
SHAPE_12924725,13.5703404,-2.3978213,4
SHAPE_12924725,13.5671839,-2.3996796,5
SHAPE_12924725,13.567227,-2.3997303,6
SHAPE_12924725,13.5673635,-2.3998631,7
SHAPE_12924725,13.5677393,-2.400229,8
SHAPE_12924725,13.5677663,-2.4002553,9
SHAPE_12924725,13.5683051,-2.4007799,10
SHAPE_12924725,13.5685033,-2.4009729,11
SHAPE_12924725,13.5690479,-2.401449,12
SHAPE_12924725,13.5690553,-2.4014555,13
SHAPE_12924725,13.5691179,-2.4015239,14
SHAPE_12924725,13.5694647,-2.401949,15
SHAPE_12924725,13.5697463,-2.4023192,16
SHAPE_12924725,13.5698297,-2.4024506,17
SHAPE_12924725,13.5710193,-2.4041877,18
SHAPE_12924725,13.5711554,-2.4043801,19
SHAPE_12924725,13.5715086,-2.4048736,20
SHAPE_12924725,13.5716949,-2.4051338,21
SHAPE_12924725,13.5722753,-2.4059536,22
SHAPE_12924725,13.5724269,-2.4061702,23
SHAPE_12924725,13.5728606,-2.4067903,24
SHAPE_12924725,13.5734471,-2.4077107,25
SHAPE_12924725,13.5735564,-2.4079075,26
SHAPE_12924725,13.5736455,-2.408106,27
SHAPE_12924725,13.5738968,-2.4088187,28
SHAPE_12924725,13.5742635,-2.409815,29
SHAPE_12924725,13.574422,-2.4102268,30
SHAPE_12924725,13.5744277,-2.4102415,31
SHAPE_12924725,13.5745903,-2.4106765,32
SHAPE_12924725,13.5750276,-2.4118462,33
SHAPE_12924725,13.5756292,-2.4134567,34
SHAPE_12924725,13.575889,-2.4142168,35
SHAPE_12924725,13.5760684,-2.4147453,36
SHAPE_12924725,13.5758001,-2.4156491,37
SHAPE_12924725,13.5757981,-2.415656,38
SHAPE_12924725,13.5757854,-2.4157003,39
SHAPE_12924725,13.5757742,-2.4157394,40
SHAPE_12924725,13.5756947,-2.4160166,41
SHAPE_12924725,13.5765532,-2.4163486,42
SHAPE_12924725,13.5772477,-2.4165337,43
SHAPE_12924725,13.578161,-2.4167819,44
SHAPE_12924725,13.5780066,-2.4173252,45
SHAPE_12924725,13.5779622,-2.4174816,46
SHAPE_12924725,13.577827,-2.4179576,47
SHAPE_12924725,13.5776184,-2.418679,48
SHAPE_12924725,13.5781476,-2.4193975,49
SHAPE_12924725,13.578418,-2.4197607,50
SHAPE_12924725,13.5787937,-2.4202654,51
SHAPE_12924725,13.5794518,-2.4211583,52
SHAPE_12924725,13.5801008,-2.422039,53
SHAPE_12924725,13.5801214,-2.4220669,54
SHAPE_12924725,13.580144,-2.4220976,55
SHAPE_12924725,13.5802602,-2.4222552,56
SHAPE_12924725,13.5803586,-2.4223888,57
SHAPE_12924725,13.5807485,-2.4229178,58
SHAPE_12924725,13.5811453,-2.4234538,59
SHAPE_12924725,13.5815339,-2.4239627,60
SHAPE_12924725,13.5817803,-2.4242961,61
SHAPE_12924725,13.5817941,-2.4243148,62
SHAPE_12924725,13.5818952,-2.4244516,63
SHAPE_12924725,13.5822625,-2.4249578,64
SHAPE_12924725,13.5826667,-2.4254923,65
SHAPE_12924725,13.5830164,-2.4259679,66
SHAPE_12924725,13.583368,-2.4264474,67
SHAPE_12924725,13.5837157,-2.426916,68
SHAPE_12924725,13.5840819,-2.4274094,69
SHAPE_12924725,13.5844398,-2.4278917,70
SHAPE_12924725,13.5847823,-2.4283555,71
SHAPE_12924725,13.5852144,-2.4289407,72
SHAPE_12924725,13.5856437,-2.4295221,73
SHAPE_12924725,13.5860555,-2.4300523,74
SHAPE_12924725,13.5863752,-2.4304826,75
SHAPE_12924725,13.5864068,-2.4305252,76
SHAPE_12924725,13.5864816,-2.4306255,77
SHAPE_12924725,13.5869208,-2.4312143,78
SHAPE_12924725,13.5871615,-2.4315374,79
SHAPE_12924725,13.5891997,-2.4342731,80
SHAPE_12924725,13.5894313,-2.4345853,81
SHAPE_12924725,13.5903031,-2.4357495,82
SHAPE_12924725,13.5904239,-2.4358827,83
SHAPE_12924725,13.5910746,-2.4365214,84
SHAPE_12924725,13.5917238,-2.4369988,85
SHAPE_12924725,13.5922087,-2.4372885,86
SHAPE_12924725,13.5926934,-2.4375374,87
SHAPE_12924725,13.5927907,-2.4375862,88
SHAPE_12924725,13.5938974,-2.438056,89
SHAPE_12924725,13.5948876,-2.4384444,90
SHAPE_12924725,13.5960086,-2.4389019,91
SHAPE_12924725,13.5963513,-2.439048,92
SHAPE_12924725,13.5964785,-2.4390924,93
SHAPE_12924725,13.5965794,-2.4391277,94
SHAPE_12924725,13.5974852,-2.4395221,95
SHAPE_12924725,13.5977357,-2.4396408,96
SHAPE_12924725,13.5980093,-2.4397682,97
SHAPE_12924725,13.5982849,-2.4399015,98
SHAPE_12924725,13.5986924,-2.4400847,99
SHAPE_12924725,13.5990213,-2.4402791,100
SHAPE_12924725,13.5994122,-2.4405753,101
SHAPE_12924725,13.5998809,-2.4409852,102
SHAPE_12924725,13.6002645,-2.4413788,103
SHAPE_12924725,13.6005182,-2.4416831,104
SHAPE_12924725,13.6005253,-2.4416917,105
SHAPE_12924775,13.6005253,-2.4416917,1
SHAPE_12924775,13.6005182,-2.4416831,2
SHAPE_12924775,13.6002645,-2.4413788,3
SHAPE_12924775,13.5998809,-2.4409852,4
SHAPE_12924775,13.5994122,-2.4405753,5
SHAPE_12924775,13.5990213,-2.4402791,6
SHAPE_12924775,13.5986924,-2.4400847,7
SHAPE_12924775,13.5982849,-2.4399015,8
SHAPE_12924775,13.5980093,-2.4397682,9
SHAPE_12924775,13.5977357,-2.4396408,10
SHAPE_12924775,13.5974852,-2.4395221,11
SHAPE_12924775,13.5965794,-2.4391277,12
SHAPE_12924775,13.5964785,-2.4390924,13
SHAPE_12924775,13.5963513,-2.439048,14
SHAPE_12924775,13.5960086,-2.4389019,15
SHAPE_12924775,13.5948876,-2.4384444,16
SHAPE_12924775,13.5938974,-2.438056,17
SHAPE_12924775,13.5927907,-2.4375862,18
SHAPE_12924775,13.5926934,-2.4375374,19
SHAPE_12924775,13.5922087,-2.4372885,20
SHAPE_12924775,13.5917238,-2.4369988,21
SHAPE_12924775,13.5910746,-2.4365214,22
SHAPE_12924775,13.5904239,-2.4358827,23
SHAPE_12924775,13.5903031,-2.4357495,24
SHAPE_12924775,13.5894313,-2.4345853,25
SHAPE_12924775,13.5891997,-2.4342731,26
SHAPE_12924775,13.5871615,-2.4315374,27
SHAPE_12924775,13.5869208,-2.4312143,28
SHAPE_12924775,13.5864816,-2.4306255,29
SHAPE_12924775,13.5864068,-2.4305252,30
SHAPE_12924775,13.5863752,-2.4304826,31
SHAPE_12924775,13.5860555,-2.4300523,32
SHAPE_12924775,13.5856437,-2.4295221,33
SHAPE_12924775,13.5852144,-2.4289407,34
SHAPE_12924775,13.5847823,-2.4283555,35
SHAPE_12924775,13.5844398,-2.4278917,36
SHAPE_12924775,13.5840819,-2.4274094,37
SHAPE_12924775,13.5837157,-2.426916,38
SHAPE_12924775,13.583368,-2.4264474,39
SHAPE_12924775,13.5830164,-2.4259679,40
SHAPE_12924775,13.5826667,-2.4254923,41
SHAPE_12924775,13.5822625,-2.4249578,42
SHAPE_12924775,13.5818952,-2.4244516,43
SHAPE_12924775,13.5817941,-2.4243148,44
SHAPE_12924775,13.5817803,-2.4242961,45
SHAPE_12924775,13.5815339,-2.4239627,46
SHAPE_12924775,13.5811453,-2.4234538,47
SHAPE_12924775,13.5807485,-2.4229178,48
SHAPE_12924775,13.5803586,-2.4223888,49
SHAPE_12924775,13.5802602,-2.4222552,50
SHAPE_12924775,13.580144,-2.4220976,51
SHAPE_12924775,13.5801214,-2.4220669,52
SHAPE_12924775,13.5801008,-2.422039,53
SHAPE_12924775,13.5794518,-2.4211583,54
SHAPE_12924775,13.5787937,-2.4202654,55
SHAPE_12924775,13.578418,-2.4197607,56
SHAPE_12924775,13.5781476,-2.4193975,57
SHAPE_12924775,13.5776184,-2.418679,58
SHAPE_12924775,13.577827,-2.4179576,59
SHAPE_12924775,13.5779622,-2.4174816,60
SHAPE_12924775,13.5780066,-2.4173252,61
SHAPE_12924775,13.578161,-2.4167819,62
SHAPE_12924775,13.5772477,-2.4165337,63
SHAPE_12924775,13.5765532,-2.4163486,64
SHAPE_12924775,13.5756947,-2.4160166,65
SHAPE_12924775,13.5757742,-2.4157394,66
SHAPE_12924775,13.5757854,-2.4157003,67
SHAPE_12924775,13.5757981,-2.415656,68
SHAPE_12924775,13.5758001,-2.4156491,69
SHAPE_12924775,13.5760684,-2.4147453,70
SHAPE_12924775,13.575889,-2.4142168,71
SHAPE_12924775,13.5756292,-2.4134567,72
SHAPE_12924775,13.5750276,-2.4118462,73
SHAPE_12924775,13.5745903,-2.4106765,74
SHAPE_12924775,13.5744277,-2.4102415,75
SHAPE_12924775,13.574422,-2.4102268,76
SHAPE_12924775,13.5742635,-2.409815,77
SHAPE_12924775,13.5738968,-2.4088187,78
SHAPE_12924775,13.5736455,-2.408106,79
SHAPE_12924775,13.5735564,-2.4079075,80
SHAPE_12924775,13.5734471,-2.4077107,81
SHAPE_12924775,13.5728606,-2.4067903,82
SHAPE_12924775,13.5724269,-2.4061702,83
SHAPE_12924775,13.5722753,-2.4059536,84
SHAPE_12924775,13.5716949,-2.4051338,85
SHAPE_12924775,13.5715086,-2.4048736,86
SHAPE_12924775,13.5711554,-2.4043801,87
SHAPE_12924775,13.5710193,-2.4041877,88
SHAPE_12924775,13.5698297,-2.4024506,89
SHAPE_12924775,13.5697463,-2.4023192,90
SHAPE_12924775,13.5694647,-2.401949,91
SHAPE_12924775,13.5691179,-2.4015239,92
SHAPE_12924775,13.5690553,-2.4014555,93
SHAPE_12924775,13.5690479,-2.401449,94
SHAPE_12924775,13.5685033,-2.4009729,95
SHAPE_12924775,13.5683051,-2.4007799,96
SHAPE_12924775,13.5677663,-2.4002553,97
SHAPE_12924775,13.5677393,-2.400229,98
SHAPE_12924775,13.5673635,-2.3998631,99
SHAPE_12924775,13.567227,-2.3997303,100
SHAPE_12924775,13.5671839,-2.3996796,101
SHAPE_12924775,13.5703404,-2.3978213,102
SHAPE_12924775,13.5700879,-2.3973436,103
SHAPE_12924775,13.5700789,-2.3973265,104
SHAPE_12924814,13.5396196,-2.4055226,1
SHAPE_12924814,13.5384917,-2.4050732,2
SHAPE_12924814,13.5376089,-2.4047158,3
SHAPE_12924814,13.5361311,-2.4041355,4
SHAPE_12924814,13.5358534,-2.4040264,5
SHAPE_12924814,13.5347309,-2.4035698,6
SHAPE_12924814,13.5346475,-2.4035034,7
SHAPE_12924814,13.5337692,-2.4031858,8
SHAPE_12924814,13.5325312,-2.4026969,9
SHAPE_12924814,13.5324716,-2.4026733,10
SHAPE_12924814,13.5323455,-2.4026235,11
SHAPE_12924814,13.5310613,-2.4021051,12
SHAPE_12924814,13.5296632,-2.4015516,13
SHAPE_12924814,13.5286752,-2.4011562,14
SHAPE_12924814,13.5276302,-2.4007433,15
SHAPE_12924814,13.5269439,-2.400468,16
SHAPE_12924814,13.5264745,-2.4002791,17
SHAPE_12924814,13.5254006,-2.3998471,18
SHAPE_12924814,13.523997,-2.3992876,19
SHAPE_12924814,13.5231084,-2.3989334,20
SHAPE_12924814,13.5223196,-2.3986229,21
SHAPE_12924814,13.521491,-2.3982803,22
SHAPE_12924814,13.5207022,-2.3979815,23
SHAPE_12924814,13.5205332,-2.3979188,24
SHAPE_12924814,13.5199676,-2.3977092,25
SHAPE_12924814,13.5191635,-2.3974225,26
SHAPE_12924814,13.5186126,-2.3972391,27
SHAPE_12924814,13.5171058,-2.3967955,28
SHAPE_12924814,13.5170783,-2.396789,29
SHAPE_12924814,13.5161785,-2.3965335,30
SHAPE_12924814,13.5156307,-2.3963852,31
SHAPE_12924814,13.5147252,-2.3961423,32
SHAPE_12924814,13.5140822,-2.3959497,33
SHAPE_12924814,13.5132786,-2.3957411,34
SHAPE_12924814,13.5124727,-2.3955039,35
SHAPE_12924814,13.5119089,-2.3953457,36
SHAPE_12924814,13.5113037,-2.3951695,37
SHAPE_12924814,13.5112653,-2.3951583,38
SHAPE_12924814,13.5108874,-2.3950611,39
SHAPE_12924814,13.5107414,-2.3950235,40
SHAPE_12924814,13.5107209,-2.3950178,41
SHAPE_12924814,13.5105971,-2.3949832,42
SHAPE_12924814,13.5084889,-2.3943939,43
SHAPE_12924814,13.5082125,-2.3943186,44
SHAPE_12924814,13.5076821,-2.3941742,45
SHAPE_12924814,13.5075747,-2.3941449,46
SHAPE_12924814,13.5065641,-2.3938529,47
SHAPE_12924814,13.5062847,-2.3937847,48
SHAPE_12924814,13.5048296,-2.3933805,49
SHAPE_12924814,13.5041918,-2.3932017,50
SHAPE_12924814,13.5030839,-2.3929002,51
SHAPE_12924814,13.5029032,-2.3928499,52
SHAPE_12924814,13.5018351,-2.3925517,53
SHAPE_12924814,13.5005722,-2.3921798,54
SHAPE_12924814,13.4981487,-2.3915208,55
SHAPE_12924814,13.4979379,-2.3914609,56
SHAPE_12924814,13.4973558,-2.3912953,57
SHAPE_12924814,13.4960584,-2.3909263,58
SHAPE_12924814,13.4956911,-2.3908297,59
SHAPE_12924814,13.4951728,-2.3906949,60
SHAPE_12924814,13.4934071,-2.3901941,61
SHAPE_12924814,13.4928761,-2.390047,62
SHAPE_12924814,13.4919063,-2.3897783,63
SHAPE_12924814,13.490881,-2.3894942,64
SHAPE_12924814,13.4900381,-2.3892599,65
SHAPE_12924814,13.4895027,-2.3891046,66
SHAPE_12924814,13.4892991,-2.3890544,67
SHAPE_12924814,13.4890351,-2.3889891,68
SHAPE_12924814,13.4889217,-2.3889611,69
SHAPE_12924814,13.4883121,-2.3888298,70
SHAPE_12924814,13.4874806,-2.3886507,71
SHAPE_12924814,13.4866747,-2.3884984,72
SHAPE_12924814,13.485832,-2.3883397,73
SHAPE_12924814,13.4853219,-2.3882436,74
SHAPE_12924814,13.4828656,-2.3878092,75
SHAPE_12924814,13.4826391,-2.3877692,76
SHAPE_12924814,13.4815199,-2.3875729,77
SHAPE_12924814,13.48073,-2.3874317,78
SHAPE_12924814,13.4806564,-2.3874185,79
SHAPE_12924814,13.5396196,-2.4055226,80
SHAPE_12924814,13.5398474,-2.4056143,81
SHAPE_12924814,13.5401186,-2.4057135,82
SHAPE_12924814,13.540219,-2.4058007,83
SHAPE_12924814,13.5408947,-2.4060954,84
SHAPE_12924814,13.5413595,-2.4062941,85
SHAPE_12924814,13.5414426,-2.4063274,86
SHAPE_12924814,13.5417632,-2.4064492,87
SHAPE_12924814,13.5425267,-2.4067394,88
SHAPE_12924814,13.5426977,-2.4067621,89
SHAPE_12924814,13.5444923,-2.4074631,90
SHAPE_12924814,13.5449773,-2.4076526,91
SHAPE_12924814,13.5454081,-2.407807,92
SHAPE_12924814,13.5460288,-2.4080032,93
SHAPE_12924814,13.5463762,-2.4081116,94
SHAPE_12924814,13.5467121,-2.4082053,95
SHAPE_12924814,13.5482052,-2.4086122,96
SHAPE_12924814,13.5486515,-2.4087342,97
SHAPE_12924814,13.5488584,-2.4087908,98
SHAPE_12924814,13.5496622,-2.4090106,99
SHAPE_12924814,13.5509447,-2.4093493,100
SHAPE_12924814,13.551082,-2.4093856,101
SHAPE_12924814,13.5514487,-2.4094824,102
SHAPE_12924814,13.5516519,-2.40953,103
SHAPE_12924814,13.5527007,-2.409825,104
SHAPE_12924814,13.5538256,-2.4101226,105
SHAPE_12924814,13.5544468,-2.4102902,106
SHAPE_12924814,13.5550102,-2.4104441,107
SHAPE_12924814,13.5560824,-2.4107519,108
SHAPE_12924814,13.5563294,-2.4108142,109
SHAPE_12924814,13.556928,-2.4109677,110
SHAPE_12924814,13.5571143,-2.4110223,111
SHAPE_12924814,13.5577945,-2.4112214,112
SHAPE_12924814,13.5584385,-2.4113966,113
SHAPE_12924814,13.558525,-2.4114201,114
SHAPE_12924814,13.5593264,-2.4116382,115
SHAPE_12924814,13.5600008,-2.4118217,116
SHAPE_12924814,13.5602815,-2.4118981,117
SHAPE_12924814,13.560577,-2.4119785,118
SHAPE_12924814,13.5606689,-2.4120024,119
SHAPE_12924814,13.560786,-2.4120328,120
SHAPE_12924814,13.5613255,-2.4121817,121
SHAPE_12924814,13.5615222,-2.4122354,122
SHAPE_12924814,13.5619152,-2.4123426,123
SHAPE_12924814,13.5620674,-2.412384,124
SHAPE_12924814,13.5626304,-2.4125372,125
SHAPE_12924814,13.5628367,-2.4126001,126
SHAPE_12924814,13.5632243,-2.412693,127
SHAPE_12924814,13.5656549,-2.4133595,128
SHAPE_12924814,13.5663292,-2.4135428,129
SHAPE_12924814,13.5665064,-2.413591,130
SHAPE_12924814,13.5676225,-2.4138944,131
SHAPE_12924814,13.570163,-2.414585,132
SHAPE_12924814,13.5705306,-2.4146849,133
SHAPE_12924814,13.5708043,-2.4147594,134
SHAPE_12924814,13.5711075,-2.4148418,135
SHAPE_12924814,13.5714367,-2.414964,136
SHAPE_12924814,13.5716847,-2.4151124,137
SHAPE_12924814,13.5719481,-2.4153273,138
SHAPE_12924814,13.5722434,-2.4157088,139
SHAPE_12924814,13.5724707,-2.4161112,140
SHAPE_12924814,13.572643,-2.4164262,141
SHAPE_12924814,13.5728112,-2.4166676,142
SHAPE_12924814,13.5729887,-2.4168817,143
SHAPE_12924814,13.5732682,-2.4171194,144
SHAPE_12924814,13.5734582,-2.417244,145
SHAPE_12924814,13.5735653,-2.4172989,146
SHAPE_12924814,13.5736344,-2.4173265,147
SHAPE_12924814,13.5738625,-2.4174338,148
SHAPE_12924814,13.5743744,-2.4175198,149
SHAPE_12924814,13.5745438,-2.4175482,150
SHAPE_12924814,13.5754299,-2.417697,151
SHAPE_12924814,13.5755869,-2.416694,152
SHAPE_12924814,13.5755917,-2.4166632,153
SHAPE_12924814,13.5755994,-2.4166141,154
SHAPE_12924814,13.5756947,-2.4160166,155
SHAPE_12924814,13.5757742,-2.4157394,156
SHAPE_12924814,13.5757854,-2.4157003,157
SHAPE_12924814,13.5757981,-2.415656,158
SHAPE_12924814,13.5758001,-2.4156491,159
SHAPE_12924928,13.5757742,-2.4157394,1
SHAPE_12924928,13.5757854,-2.4157003,2
SHAPE_12924928,13.5757981,-2.415656,3
SHAPE_12924928,13.5758001,-2.4156491,4
SHAPE_12924928,13.5757742,-2.4157394,5
SHAPE_12924928,13.5756947,-2.4160166,6
SHAPE_12924928,13.5755994,-2.4166141,7
SHAPE_12924928,13.5755917,-2.4166632,8
SHAPE_12924928,13.5755869,-2.416694,9
SHAPE_12924928,13.5754299,-2.417697,10
SHAPE_12924928,13.5745438,-2.4175482,11
SHAPE_12924928,13.5743744,-2.4175198,12
SHAPE_12924928,13.5738625,-2.4174338,13
SHAPE_12924928,13.5736344,-2.4173265,14
SHAPE_12924928,13.5735653,-2.4172989,15
SHAPE_12924928,13.5734582,-2.417244,16
SHAPE_12924928,13.5732682,-2.4171194,17
SHAPE_12924928,13.5729887,-2.4168817,18
SHAPE_12924928,13.5728112,-2.4166676,19
SHAPE_12924928,13.572643,-2.4164262,20
SHAPE_12924928,13.5724707,-2.4161112,21
SHAPE_12924928,13.5722434,-2.4157088,22
SHAPE_12924928,13.5719481,-2.4153273,23
SHAPE_12924928,13.5716847,-2.4151124,24
SHAPE_12924928,13.5714367,-2.414964,25
SHAPE_12924928,13.5711075,-2.4148418,26
SHAPE_12924928,13.5708043,-2.4147594,27
SHAPE_12924928,13.5705306,-2.4146849,28
SHAPE_12924928,13.570163,-2.414585,29
SHAPE_12924928,13.5676225,-2.4138944,30
SHAPE_12924928,13.5665064,-2.413591,31
SHAPE_12924928,13.5663292,-2.4135428,32
SHAPE_12924928,13.5656549,-2.4133595,33
SHAPE_12924928,13.5632243,-2.412693,34
SHAPE_12924928,13.5628367,-2.4126001,35
SHAPE_12924928,13.5626304,-2.4125372,36
SHAPE_12924928,13.5620674,-2.412384,37
SHAPE_12924928,13.5619152,-2.4123426,38
SHAPE_12924928,13.5615222,-2.4122354,39
SHAPE_12924928,13.5613255,-2.4121817,40
SHAPE_12924928,13.560786,-2.4120328,41
SHAPE_12924928,13.5606689,-2.4120024,42
SHAPE_12924928,13.560577,-2.4119785,43
SHAPE_12924928,13.5602815,-2.4118981,44
SHAPE_12924928,13.5600008,-2.4118217,45
SHAPE_12924928,13.5593264,-2.4116382,46
SHAPE_12924928,13.558525,-2.4114201,47
SHAPE_12924928,13.5584385,-2.4113966,48
SHAPE_12924928,13.5577945,-2.4112214,49
SHAPE_12924928,13.5571143,-2.4110223,50
SHAPE_12924928,13.556928,-2.4109677,51
SHAPE_12924928,13.5563294,-2.4108142,52
SHAPE_12924928,13.5560824,-2.4107519,53
SHAPE_12924928,13.5550102,-2.4104441,54
SHAPE_12924928,13.5544468,-2.4102902,55
SHAPE_12924928,13.5538256,-2.4101226,56
SHAPE_12924928,13.5527007,-2.409825,57
SHAPE_12924928,13.5516519,-2.40953,58
SHAPE_12924928,13.5514487,-2.4094824,59
SHAPE_12924928,13.551082,-2.4093856,60
SHAPE_12924928,13.5509447,-2.4093493,61
SHAPE_12924928,13.5496622,-2.4090106,62
SHAPE_12924928,13.5488584,-2.4087908,63
SHAPE_12924928,13.5486515,-2.4087342,64
SHAPE_12924928,13.5482052,-2.4086122,65
SHAPE_12924928,13.5467121,-2.4082053,66
SHAPE_12924928,13.5463762,-2.4081116,67
SHAPE_12924928,13.5460288,-2.4080032,68
SHAPE_12924928,13.5454081,-2.407807,69
SHAPE_12924928,13.5449773,-2.4076526,70
SHAPE_12924928,13.5444923,-2.4074631,71
SHAPE_12924928,13.5426977,-2.4067621,72
SHAPE_12924928,13.5425567,-2.4066509,73
SHAPE_12924928,13.5420052,-2.4064323,74
SHAPE_12924928,13.5414808,-2.4062156,75
SHAPE_12924928,13.541396,-2.4061791,76
SHAPE_12924928,13.5411005,-2.4060585,77
SHAPE_12924928,13.5409421,-2.4059939,78
SHAPE_12924928,13.540245,-2.4057269,79
SHAPE_12924928,13.5401186,-2.4057135,80
SHAPE_12924928,13.5398474,-2.4056143,81
SHAPE_12924928,13.5396196,-2.4055226,82
SHAPE_12924928,13.5384917,-2.4050732,83
SHAPE_12924928,13.5376089,-2.4047158,84
SHAPE_12924928,13.5361311,-2.4041355,85
SHAPE_12924928,13.5358534,-2.4040264,86
SHAPE_12924928,13.5347309,-2.4035698,87
SHAPE_12924928,13.5346475,-2.4035034,88
SHAPE_12924928,13.5337692,-2.4031858,89
SHAPE_12924928,13.5325312,-2.4026969,90
SHAPE_12924928,13.5324716,-2.4026733,91
SHAPE_12924928,13.5323455,-2.4026235,92
SHAPE_12924928,13.5310613,-2.4021051,93
SHAPE_12924928,13.5296632,-2.4015516,94
SHAPE_12924928,13.5286752,-2.4011562,95
SHAPE_12924928,13.5276302,-2.4007433,96
SHAPE_12924928,13.5269439,-2.400468,97
SHAPE_12924928,13.5264745,-2.4002791,98
SHAPE_12924928,13.5254006,-2.3998471,99
SHAPE_12924928,13.523997,-2.3992876,100
SHAPE_12924928,13.5231084,-2.3989334,101
SHAPE_12924928,13.5223196,-2.3986229,102
SHAPE_12924928,13.521491,-2.3982803,103
SHAPE_12924928,13.5207022,-2.3979815,104
SHAPE_12924928,13.5205332,-2.3979188,105
SHAPE_12924928,13.5199676,-2.3977092,106
SHAPE_12924928,13.5191635,-2.3974225,107
SHAPE_12924928,13.5186126,-2.3972391,108
SHAPE_12924928,13.5171058,-2.3967955,109
SHAPE_12924928,13.5170783,-2.396789,110
SHAPE_12924928,13.5161785,-2.3965335,111
SHAPE_12924928,13.5156307,-2.3963852,112
SHAPE_12924928,13.5147252,-2.3961423,113
SHAPE_12924928,13.5140822,-2.3959497,114
SHAPE_12924928,13.5132786,-2.3957411,115
SHAPE_12924928,13.5124727,-2.3955039,116
SHAPE_12924928,13.5119089,-2.3953457,117
SHAPE_12924928,13.5113037,-2.3951695,118
SHAPE_12924928,13.5112653,-2.3951583,119
SHAPE_12924928,13.5108874,-2.3950611,120
SHAPE_12924928,13.5107414,-2.3950235,121
SHAPE_12924928,13.5107209,-2.3950178,122
SHAPE_12924928,13.5105971,-2.3949832,123
SHAPE_12924928,13.5084889,-2.3943939,124
SHAPE_12924928,13.5082125,-2.3943186,125
SHAPE_12924928,13.5076821,-2.3941742,126
SHAPE_12924928,13.5075747,-2.3941449,127
SHAPE_12924928,13.5065641,-2.3938529,128
SHAPE_12924928,13.5062847,-2.3937847,129
SHAPE_12924928,13.5048296,-2.3933805,130
SHAPE_12924928,13.5041918,-2.3932017,131
SHAPE_12924928,13.5030839,-2.3929002,132
SHAPE_12924928,13.5029032,-2.3928499,133
SHAPE_12924928,13.5018351,-2.3925517,134
SHAPE_12924928,13.5005722,-2.3921798,135
SHAPE_12924928,13.4981487,-2.3915208,136
SHAPE_12924928,13.4979379,-2.3914609,137
SHAPE_12924928,13.4973558,-2.3912953,138
SHAPE_12924928,13.4960584,-2.3909263,139
SHAPE_12924928,13.4956911,-2.3908297,140
SHAPE_12924928,13.4951728,-2.3906949,141
SHAPE_12924928,13.4934071,-2.3901941,142
SHAPE_12924928,13.4928761,-2.390047,143
SHAPE_12924928,13.4919063,-2.3897783,144
SHAPE_12924928,13.490881,-2.3894942,145
SHAPE_12924928,13.4900381,-2.3892599,146
SHAPE_12924928,13.4895027,-2.3891046,147
SHAPE_12924928,13.4892991,-2.3890544,148
SHAPE_12924928,13.4890351,-2.3889891,149
SHAPE_12924928,13.4889217,-2.3889611,150
SHAPE_12924928,13.4883121,-2.3888298,151
SHAPE_12924928,13.4874806,-2.3886507,152
SHAPE_12924928,13.4866747,-2.3884984,153
SHAPE_12924928,13.485832,-2.3883397,154
SHAPE_12924928,13.4853219,-2.3882436,155
SHAPE_12924928,13.4828656,-2.3878092,156
SHAPE_12924928,13.4826391,-2.3877692,157
SHAPE_12924928,13.4815199,-2.3875729,158
SHAPE_12924928,13.48073,-2.3874317,159
SHAPE_12924928,13.4806564,-2.3874185,160
SHAPE_12931425,13.5703404,-2.3978213,1
SHAPE_12931425,13.5700879,-2.3973436,2
SHAPE_12931425,13.5700789,-2.3973265,3
SHAPE_12931425,13.5703404,-2.3978213,4
SHAPE_12931425,13.5671839,-2.3996796,5
SHAPE_12931425,13.567227,-2.3997303,6
SHAPE_12931425,13.5673635,-2.3998631,7
SHAPE_12931425,13.5677393,-2.400229,8
SHAPE_12931425,13.5677663,-2.4002553,9
SHAPE_12931425,13.5683051,-2.4007799,10
SHAPE_12931425,13.5685033,-2.4009729,11
SHAPE_12931425,13.5690479,-2.401449,12
SHAPE_12931425,13.5690553,-2.4014555,13
SHAPE_12931425,13.5691179,-2.4015239,14
SHAPE_12931425,13.5694647,-2.401949,15
SHAPE_12931425,13.5697463,-2.4023192,16
SHAPE_12931425,13.5698297,-2.4024506,17
SHAPE_12931425,13.5710193,-2.4041877,18
SHAPE_12931425,13.5711554,-2.4043801,19
SHAPE_12931425,13.5715086,-2.4048736,20
SHAPE_12931425,13.5716949,-2.4051338,21
SHAPE_12931425,13.5722753,-2.4059536,22
SHAPE_12931425,13.5724269,-2.4061702,23
SHAPE_12931425,13.5728606,-2.4067903,24
SHAPE_12931425,13.5734471,-2.4077107,25
SHAPE_12931425,13.5735564,-2.4079075,26
SHAPE_12931425,13.5736455,-2.408106,27
SHAPE_12931425,13.5738968,-2.4088187,28
SHAPE_12931425,13.5742635,-2.409815,29
SHAPE_12931425,13.574422,-2.4102268,30
SHAPE_12931425,13.5744277,-2.4102415,31
SHAPE_12931425,13.5745903,-2.4106765,32
SHAPE_12931425,13.5750276,-2.4118462,33
SHAPE_12931425,13.5756292,-2.4134567,34
SHAPE_12931425,13.575889,-2.4142168,35
SHAPE_12931425,13.5760684,-2.4147453,36
SHAPE_12931425,13.5758001,-2.4156491,37
SHAPE_12931425,13.5757981,-2.415656,38
SHAPE_12931425,13.5757854,-2.4157003,39
SHAPE_12931425,13.5757742,-2.4157394,40
SHAPE_12931491,13.5757742,-2.4157394,1
SHAPE_12931491,13.5757854,-2.4157003,2
SHAPE_12931491,13.5757981,-2.415656,3
SHAPE_12931491,13.5758001,-2.4156491,4
SHAPE_12931491,13.5760684,-2.4147453,5
SHAPE_12931491,13.575889,-2.4142168,6
SHAPE_12931491,13.5756292,-2.4134567,7
SHAPE_12931491,13.5750276,-2.4118462,8
SHAPE_12931491,13.5745903,-2.4106765,9
SHAPE_12931491,13.5744277,-2.4102415,10
SHAPE_12931491,13.574422,-2.4102268,11
SHAPE_12931491,13.5742635,-2.409815,12
SHAPE_12931491,13.5738968,-2.4088187,13
SHAPE_12931491,13.5736455,-2.408106,14
SHAPE_12931491,13.5735564,-2.4079075,15
SHAPE_12931491,13.5734471,-2.4077107,16
SHAPE_12931491,13.5728606,-2.4067903,17
SHAPE_12931491,13.5724269,-2.4061702,18
SHAPE_12931491,13.5722753,-2.4059536,19
SHAPE_12931491,13.5716949,-2.4051338,20
SHAPE_12931491,13.5715086,-2.4048736,21
SHAPE_12931491,13.5711554,-2.4043801,22
SHAPE_12931491,13.5710193,-2.4041877,23
SHAPE_12931491,13.5698297,-2.4024506,24
SHAPE_12931491,13.5697463,-2.4023192,25
SHAPE_12931491,13.5694647,-2.401949,26
SHAPE_12931491,13.5691179,-2.4015239,27
SHAPE_12931491,13.5690553,-2.4014555,28
SHAPE_12931491,13.5690479,-2.401449,29
SHAPE_12931491,13.5685033,-2.4009729,30
SHAPE_12931491,13.5683051,-2.4007799,31
SHAPE_12931491,13.5677663,-2.4002553,32
SHAPE_12931491,13.5677393,-2.400229,33
SHAPE_12931491,13.5673635,-2.3998631,34
SHAPE_12931491,13.567227,-2.3997303,35
SHAPE_12931491,13.5671839,-2.3996796,36
SHAPE_12931491,13.5703404,-2.3978213,37
SHAPE_12931491,13.5700879,-2.3973436,38
SHAPE_12931491,13.5700789,-2.3973265,39
